1 PINHOLE 1080 1920 1739.1388320922852 1739.1388320922852 540.0 960.0
2 PINHOLE 1080 1920 1739.1388320922852 1739.1388320922852 540.0 960.0
3 PINHOLE 1080 1920 1739.1388320922852 1739.1388320922852 540.0 960.0
4 PINHOLE 1080 1920 1739.1388320922852 1739.1388320922852 540.0 960.0
5 PINHOLE 1080 1920 1739.1388320922852 1739.1388320922852 540.0 960.0
6 PINHOLE 1080 1920 1739.1388320922852 1739.1388320922852 540.0 960.0
7 PINHOLE 1080 1920 1739.1388320922852 1739.1388320922852 540.0 960.0
8 PINHOLE 1080 1920 1739.1388320922852 1739.1388320922852 540.0 960.0
9 PINHOLE 1080 1920 1739.1388320922852 1739.1388320922852 540.0 960.0
10 PINHOLE 1080 1920 1739.1388320922852 1739.1388320922852 540.0 960.0
11 PINHOLE 1080 1920 1739.1388320922852 1739.1388320922852 540.0 960.0
12 PINHOLE 1080 1920 1739.1388320922852 1739.1388320922852 540.0 960.0
