1 0.9954794092525259 0.08470053592912771 0.04112410755182397 0.01246888498897564 -0.009665447287261486 0.05475471913814545 0.04347164183855057 1 0004.jpg

2 0.9974018857023634 0.05268315076420478 -0.04886588954066626 0.005118189597423589 0.04510945454239845 0.044219549745321274 0.041645344346761703 2 0016.jpg

3 0.9774976296652227 -0.02070270030072208 -0.1691219279574811 -0.12436870088644689 0.0906880646944046 -0.019865892827510834 0.023920556530356407 3 0058.jpg

4 0.9999536861185219 -0.0010976972640991487 -0.0030489134321717614 0.009055434091998766 0.0 0.0 0.0 4 0070.jpg

5 0.9500002685345723 0.012202194726837898 0.27545180816507914 0.14655002416771765 -0.13763034343719482 0.018381895497441292 0.11209233105182648 5 0088.jpg

6 0.8666144187167926 0.020968951688026514 0.4299324430932277 0.25238424427837675 -0.19396854937076569 0.00318353995680809 0.12461166083812714 6 0100.jpg

7 0.9874926047712176 0.14882271589420226 0.041905747896673805 0.03088643774938272 -0.01916217803955078 0.11088181287050247 0.020476676523685455 7 0130.jpg

8 0.9585234550189219 0.07336967230876736 -0.20187381540487165 -0.1873411314778843 0.11959169059991837 0.042040739208459854 0.044890306890010834 8 0142.jpg

9 0.8144226251467019 -0.02414905408200836 -0.46492431808909357 -0.34637833503001436 0.21346621215343475 -0.0439864918589592 0.1059747189283371 9 0160.jpg

10 0.6399090068735583 -0.0006087524190865736 -0.6348043772912623 -0.43305820893228636 0.2122422158718109 -0.10378186404705048 0.16528861224651337 10 0190.jpg

11 0.9047914474935587 0.03579518214462174 -0.34664993813178124 -0.2447546766337994 0.1708238422870636 -0.01677126996219158 0.11037921160459518 11 0208.jpg

12 0.9946772358107397 0.06582968937883009 -0.05677905294587766 -0.05531556123701085 0.03474925085902214 0.03581337258219719 0.05520951375365257 12 0226.jpg

