1 0.9958200415252256 -0.05545349621496877 0.05299642903110863 0.04958616236909263 -0.04558543488383293 -0.01057727262377739 -0.040818531066179276 1 20240824_134914_masked_1.png

2 0.9764916966520356 -0.024733093568293982 0.1649180849243013 0.13658024544434882 -0.10721251368522644 -0.024352433159947395 0.015092527493834496 2 20240824_134916_masked_1.png

3 0.9497733987796185 -0.019096522737108074 0.2541072462155633 0.1816460377652603 -0.18033389747142792 -0.03915787488222122 0.07950744777917862 3 20240824_134918_masked_1.png

4 0.8915024834992481 -0.0002032711629219288 0.3784716249999423 0.2489627261188838 -0.2357037216424942 -0.06856273859739304 0.16116055846214294 4 20240824_134919_masked_1.png

5 0.7974405152010995 0.022260398374443425 0.5542691714123427 0.23744208795283392 -0.27942919731140137 -0.05993114784359932 0.20790010690689087 5 20240824_134924_masked_1.png

6 0.8274296954562214 0.051529415042240616 0.5031027042572657 0.24411595035587672 -0.27011457085609436 -0.1151314377784729 0.19385777413845062 6 20240824_134926_masked_1.png

7 0.9995403425462944 0.0013480711217315226 -0.027067096026762178 0.013591027723986534 0.0 0.0 0.0 7 20240824_134929_masked_1.png

8 0.9659004139637971 -0.09631943556115036 -0.17924159287853778 -0.1600980751319463 0.0942627564072609 -0.02258758619427681 0.005341998301446438 8 20240824_134931_masked_1.png

9 0.9781777108709068 -0.004816823567504265 -0.1887312695362792 -0.08675046822949092 0.09645094722509384 -0.03407401964068413 -0.016959957778453827 9 20240824_134932_masked_1.png

